0 2.92418035705 45.0
1 2.92418035705 135.0
2 2.92418035705 225.0
3 2.92418035705 315.0
4 5.8502670637 22.5
5 5.8502670637 67.5
6 5.8502670637 112.5
7 5.8502670637 157.5
8 5.8502670637 202.5
9 5.8502670637 247.5
10 5.8502670637 292.5
11 5.8502670637 337.5
12 8.78017768401 15.0
13 8.78017768401 45.0
14 8.78017768401 75.0
15 8.78017768401 105.0
16 8.78017768401 135.0
17 8.78017768401 165.0
18 8.78017768401 195.0
19 8.78017768401 225.0
20 8.78017768401 255.0
21 8.78017768401 285.0
22 8.78017768401 315.0
23 8.78017768401 345.0
24 11.7158523949 11.25
25 11.7158523949 33.75
26 11.7158523949 56.25
27 11.7158523949 78.75
28 11.7158523949 101.25
29 11.7158523949 123.75
30 11.7158523949 146.25
31 11.7158523949 168.75
32 11.7158523949 191.25
33 11.7158523949 213.75
34 11.7158523949 236.25
35 11.7158523949 258.75
36 11.7158523949 281.25
37 11.7158523949 303.75
38 11.7158523949 326.25
39 11.7158523949 348.75
40 14.6592657585 9.0
41 14.6592657585 27.0
42 14.6592657585 45.0
43 14.6592657585 63.0
44 14.6592657585 81.0
45 14.6592657585 99.0
46 14.6592657585 117.0
47 14.6592657585 135.0
48 14.6592657585 153.0
49 14.6592657585 171.0
50 14.6592657585 189.0
51 14.6592657585 207.0
52 14.6592657585 225.0
53 14.6592657585 243.0
54 14.6592657585 261.0
55 14.6592657585 279.0
56 14.6592657585 297.0
57 14.6592657585 315.0
58 14.6592657585 333.0
59 14.6592657585 351.0
60 17.6124390704 7.5
61 17.6124390704 22.5
62 17.6124390704 37.5
63 17.6124390704 52.5
64 17.6124390704 67.5
65 17.6124390704 82.5
66 17.6124390704 97.5
67 17.6124390704 112.5
68 17.6124390704 127.5
69 17.6124390704 142.5
70 17.6124390704 157.5
71 17.6124390704 172.5
72 17.6124390704 187.5
73 17.6124390704 202.5
74 17.6124390704 217.5
75 17.6124390704 232.5
76 17.6124390704 247.5
77 17.6124390704 262.5
78 17.6124390704 277.5
79 17.6124390704 292.5
80 17.6124390704 307.5
81 17.6124390704 322.5
82 17.6124390704 337.5
83 17.6124390704 352.5
84 20.5774535054 6.42857142857
85 20.5774535054 19.2857142857
86 20.5774535054 32.1428571429
87 20.5774535054 45.0
88 20.5774535054 57.8571428571
89 20.5774535054 70.7142857143
90 20.5774535054 83.5714285714
91 20.5774535054 96.4285714286
92 20.5774535054 109.285714286
93 20.5774535054 122.142857143
94 20.5774535054 135.0
95 20.5774535054 147.857142857
96 20.5774535054 160.714285714
97 20.5774535054 173.571428571
98 20.5774535054 186.428571429
99 20.5774535054 199.285714286
100 20.5774535054 212.142857143
101 20.5774535054 225.0
102 20.5774535054 237.857142857
103 20.5774535054 250.714285714
104 20.5774535054 263.571428571
105 20.5774535054 276.428571429
106 20.5774535054 289.285714286
107 20.5774535054 302.142857143
108 20.5774535054 315.0
109 20.5774535054 327.857142857
110 20.5774535054 340.714285714
111 20.5774535054 353.571428571
112 23.5564643091 5.625
113 23.5564643091 16.875
114 23.5564643091 28.125
115 23.5564643091 39.375
116 23.5564643091 50.625
117 23.5564643091 61.875
118 23.5564643091 73.125
119 23.5564643091 84.375
120 23.5564643091 95.625
121 23.5564643091 106.875
122 23.5564643091 118.125
123 23.5564643091 129.375
124 23.5564643091 140.625
125 23.5564643091 151.875
126 23.5564643091 163.125
127 23.5564643091 174.375
128 23.5564643091 185.625
129 23.5564643091 196.875
130 23.5564643091 208.125
131 23.5564643091 219.375
132 23.5564643091 230.625
133 23.5564643091 241.875
134 23.5564643091 253.125
135 23.5564643091 264.375
136 23.5564643091 275.625
137 23.5564643091 286.875
138 23.5564643091 298.125
139 23.5564643091 309.375
140 23.5564643091 320.625
141 23.5564643091 331.875
142 23.5564643091 343.125
143 23.5564643091 354.375
144 26.5517163197 5.0
145 26.5517163197 15.0
146 26.5517163197 25.0
147 26.5517163197 35.0
148 26.5517163197 45.0
149 26.5517163197 55.0
150 26.5517163197 65.0
151 26.5517163197 75.0
152 26.5517163197 85.0
153 26.5517163197 95.0
154 26.5517163197 105.0
155 26.5517163197 115.0
156 26.5517163197 125.0
157 26.5517163197 135.0
158 26.5517163197 145.0
159 26.5517163197 155.0
160 26.5517163197 165.0
161 26.5517163197 175.0
162 26.5517163197 185.0
163 26.5517163197 195.0
164 26.5517163197 205.0
165 26.5517163197 215.0
166 26.5517163197 225.0
167 26.5517163197 235.0
168 26.5517163197 245.0
169 26.5517163197 255.0
170 26.5517163197 265.0
171 26.5517163197 275.0
172 26.5517163197 285.0
173 26.5517163197 295.0
174 26.5517163197 305.0
175 26.5517163197 315.0
176 26.5517163197 325.0
177 26.5517163197 335.0
178 26.5517163197 345.0
179 26.5517163197 355.0
180 29.565561155 4.5
181 29.565561155 13.5
182 29.565561155 22.5
183 29.565561155 31.5
184 29.565561155 40.5
185 29.565561155 49.5
186 29.565561155 58.5
187 29.565561155 67.5
188 29.565561155 76.5
189 29.565561155 85.5
190 29.565561155 94.5
191 29.565561155 103.5
192 29.565561155 112.5
193 29.565561155 121.5
194 29.565561155 130.5
195 29.565561155 139.5
196 29.565561155 148.5
197 29.565561155 157.5
198 29.565561155 166.5
199 29.565561155 175.5
200 29.565561155 184.5
201 29.565561155 193.5
202 29.565561155 202.5
203 29.565561155 211.5
204 29.565561155 220.5
205 29.565561155 229.5
206 29.565561155 238.5
207 29.565561155 247.5
208 29.565561155 256.5
209 29.565561155 265.5
210 29.565561155 274.5
211 29.565561155 283.5
212 29.565561155 292.5
213 29.565561155 301.5
214 29.565561155 310.5
215 29.565561155 319.5
216 29.565561155 328.5
217 29.565561155 337.5
218 29.565561155 346.5
219 29.565561155 355.5
220 32.6004764604 4.09090909091
221 32.6004764604 12.2727272727
222 32.6004764604 20.4545454545
223 32.6004764604 28.6363636364
224 32.6004764604 36.8181818182
225 32.6004764604 45.0
226 32.6004764604 53.1818181818
227 32.6004764604 61.3636363636
228 32.6004764604 69.5454545455
229 32.6004764604 77.7272727273
230 32.6004764604 85.9090909091
231 32.6004764604 94.0909090909
232 32.6004764604 102.272727273
233 32.6004764604 110.454545455
234 32.6004764604 118.636363636
235 32.6004764604 126.818181818
236 32.6004764604 135.0
237 32.6004764604 143.181818182
238 32.6004764604 151.363636364
239 32.6004764604 159.545454545
240 32.6004764604 167.727272727
241 32.6004764604 175.909090909
242 32.6004764604 184.090909091
243 32.6004764604 192.272727273
244 32.6004764604 200.454545455
245 32.6004764604 208.636363636
246 32.6004764604 216.818181818
247 32.6004764604 225.0
248 32.6004764604 233.181818182
249 32.6004764604 241.363636364
250 32.6004764604 249.545454545
251 32.6004764604 257.727272727
252 32.6004764604 265.909090909
253 32.6004764604 274.090909091
254 32.6004764604 282.272727273
255 32.6004764604 290.454545455
256 32.6004764604 298.636363636
257 32.6004764604 306.818181818
258 32.6004764604 315.0
259 32.6004764604 323.181818182
260 32.6004764604 331.363636364
261 32.6004764604 339.545454545
262 32.6004764604 347.727272727
263 32.6004764604 355.909090909
264 35.6590876961 3.75
265 35.6590876961 11.25
266 35.6590876961 18.75
267 35.6590876961 26.25
268 35.6590876961 33.75
269 35.6590876961 41.25
270 35.6590876961 48.75
271 35.6590876961 56.25
272 35.6590876961 63.75
273 35.6590876961 71.25
274 35.6590876961 78.75
275 35.6590876961 86.25
276 35.6590876961 93.75
277 35.6590876961 101.25
278 35.6590876961 108.75
279 35.6590876961 116.25
280 35.6590876961 123.75
281 35.6590876961 131.25
282 35.6590876961 138.75
283 35.6590876961 146.25
284 35.6590876961 153.75
285 35.6590876961 161.25
286 35.6590876961 168.75
287 35.6590876961 176.25
288 35.6590876961 183.75
289 35.6590876961 191.25
290 35.6590876961 198.75
291 35.6590876961 206.25
292 35.6590876961 213.75
293 35.6590876961 221.25
294 35.6590876961 228.75
295 35.6590876961 236.25
296 35.6590876961 243.75
297 35.6590876961 251.25
298 35.6590876961 258.75
299 35.6590876961 266.25
300 35.6590876961 273.75
301 35.6590876961 281.25
302 35.6590876961 288.75
303 35.6590876961 296.25
304 35.6590876961 303.75
305 35.6590876961 311.25
306 35.6590876961 318.75
307 35.6590876961 326.25
308 35.6590876961 333.75
309 35.6590876961 341.25
310 35.6590876961 348.75
311 35.6590876961 356.25
312 38.7441930512 3.46153846154
313 38.7441930512 10.3846153846
314 38.7441930512 17.3076923077
315 38.7441930512 24.2307692308
316 38.7441930512 31.1538461538
317 38.7441930512 38.0769230769
318 38.7441930512 45.0
319 38.7441930512 51.9230769231
320 38.7441930512 58.8461538462
321 38.7441930512 65.7692307692
322 38.7441930512 72.6923076923
323 38.7441930512 79.6153846154
324 38.7441930512 86.5384615385
325 38.7441930512 93.4615384615
326 38.7441930512 100.384615385
327 38.7441930512 107.307692308
328 38.7441930512 114.230769231
329 38.7441930512 121.153846154
330 38.7441930512 128.076923077
331 38.7441930512 135.0
332 38.7441930512 141.923076923
333 38.7441930512 148.846153846
334 38.7441930512 155.769230769
335 38.7441930512 162.692307692
336 38.7441930512 169.615384615
337 38.7441930512 176.538461538
338 38.7441930512 183.461538462
339 38.7441930512 190.384615385
340 38.7441930512 197.307692308
341 38.7441930512 204.230769231
342 38.7441930512 211.153846154
343 38.7441930512 218.076923077
344 38.7441930512 225.0
345 38.7441930512 231.923076923
346 38.7441930512 238.846153846
347 38.7441930512 245.769230769
348 38.7441930512 252.692307692
349 38.7441930512 259.615384615
350 38.7441930512 266.538461538
351 38.7441930512 273.461538462
352 38.7441930512 280.384615385
353 38.7441930512 287.307692308
354 38.7441930512 294.230769231
355 38.7441930512 301.153846154
356 38.7441930512 308.076923077
357 38.7441930512 315.0
358 38.7441930512 321.923076923
359 38.7441930512 328.846153846
360 38.7441930512 335.769230769
361 38.7441930512 342.692307692
362 38.7441930512 349.615384615
363 38.7441930512 356.538461538
364 41.8587922056 3.21428571429
365 41.8587922056 9.64285714286
366 41.8587922056 16.0714285714
367 41.8587922056 22.5
368 41.8587922056 28.9285714286
369 41.8587922056 35.3571428571
370 41.8587922056 41.7857142857
371 41.8587922056 48.2142857143
372 41.8587922056 54.6428571429
373 41.8587922056 61.0714285714
374 41.8587922056 67.5
375 41.8587922056 73.9285714286
376 41.8587922056 80.3571428571
377 41.8587922056 86.7857142857
378 41.8587922056 93.2142857143
379 41.8587922056 99.6428571429
380 41.8587922056 106.071428571
381 41.8587922056 112.5
382 41.8587922056 118.928571429
383 41.8587922056 125.357142857
384 41.8587922056 131.785714286
385 41.8587922056 138.214285714
386 41.8587922056 144.642857143
387 41.8587922056 151.071428571
388 41.8587922056 157.5
389 41.8587922056 163.928571429
390 41.8587922056 170.357142857
391 41.8587922056 176.785714286
392 41.8587922056 183.214285714
393 41.8587922056 189.642857143
394 41.8587922056 196.071428571
395 41.8587922056 202.5
396 41.8587922056 208.928571429
397 41.8587922056 215.357142857
398 41.8587922056 221.785714286
399 41.8587922056 228.214285714
400 41.8587922056 234.642857143
401 41.8587922056 241.071428571
402 41.8587922056 247.5
403 41.8587922056 253.928571429
404 41.8587922056 260.357142857
405 41.8587922056 266.785714286
406 41.8587922056 273.214285714
407 41.8587922056 279.642857143
408 41.8587922056 286.071428571
409 41.8587922056 292.5
410 41.8587922056 298.928571429
411 41.8587922056 305.357142857
412 41.8587922056 311.785714286
413 41.8587922056 318.214285714
414 41.8587922056 324.642857143
415 41.8587922056 331.071428571
416 41.8587922056 337.5
417 41.8587922056 343.928571429
418 41.8587922056 350.357142857
419 41.8587922056 356.785714286
420 45.0061198495 3.0
421 45.0061198495 9.0
422 45.0061198495 15.0
423 45.0061198495 21.0
424 45.0061198495 27.0
425 45.0061198495 33.0
426 45.0061198495 39.0
427 45.0061198495 45.0
428 45.0061198495 51.0
429 45.0061198495 57.0
430 45.0061198495 63.0
431 45.0061198495 69.0
432 45.0061198495 75.0
433 45.0061198495 81.0
434 45.0061198495 87.0
435 45.0061198495 93.0
436 45.0061198495 99.0
437 45.0061198495 105.0
438 45.0061198495 111.0
439 45.0061198495 117.0
440 45.0061198495 123.0
441 45.0061198495 129.0
442 45.0061198495 135.0
443 45.0061198495 141.0
444 45.0061198495 147.0
445 45.0061198495 153.0
446 45.0061198495 159.0
447 45.0061198495 165.0
448 45.0061198495 171.0
449 45.0061198495 177.0
450 45.0061198495 183.0
451 45.0061198495 189.0
452 45.0061198495 195.0
453 45.0061198495 201.0
454 45.0061198495 207.0
455 45.0061198495 213.0
456 45.0061198495 219.0
457 45.0061198495 225.0
458 45.0061198495 231.0
459 45.0061198495 237.0
460 45.0061198495 243.0
461 45.0061198495 249.0
462 45.0061198495 255.0
463 45.0061198495 261.0
464 45.0061198495 267.0
465 45.0061198495 273.0
466 45.0061198495 279.0
467 45.0061198495 285.0
468 45.0061198495 291.0
469 45.0061198495 297.0
470 45.0061198495 303.0
471 45.0061198495 309.0
472 45.0061198495 315.0
473 45.0061198495 321.0
474 45.0061198495 327.0
475 45.0061198495 333.0
476 45.0061198495 339.0
477 45.0061198495 345.0
478 45.0061198495 351.0
479 45.0061198495 357.0
480 48.1896851042 2.8125
481 48.1896851042 8.4375
482 48.1896851042 14.0625
483 48.1896851042 19.6875
484 48.1896851042 25.3125
485 48.1896851042 30.9375
486 48.1896851042 36.5625
487 48.1896851042 42.1875
488 48.1896851042 47.8125
489 48.1896851042 53.4375
490 48.1896851042 59.0625
491 48.1896851042 64.6875
492 48.1896851042 70.3125
493 48.1896851042 75.9375
494 48.1896851042 81.5625
495 48.1896851042 87.1875
496 48.1896851042 92.8125
497 48.1896851042 98.4375
498 48.1896851042 104.0625
499 48.1896851042 109.6875
500 48.1896851042 115.3125
501 48.1896851042 120.9375
502 48.1896851042 126.5625
503 48.1896851042 132.1875
504 48.1896851042 137.8125
505 48.1896851042 143.4375
506 48.1896851042 149.0625
507 48.1896851042 154.6875
508 48.1896851042 160.3125
509 48.1896851042 165.9375
510 48.1896851042 171.5625
511 48.1896851042 177.1875
512 48.1896851042 182.8125
513 48.1896851042 188.4375
514 48.1896851042 194.0625
515 48.1896851042 199.6875
516 48.1896851042 205.3125
517 48.1896851042 210.9375
518 48.1896851042 216.5625
519 48.1896851042 222.1875
520 48.1896851042 227.8125
521 48.1896851042 233.4375
522 48.1896851042 239.0625
523 48.1896851042 244.6875
524 48.1896851042 250.3125
525 48.1896851042 255.9375
526 48.1896851042 261.5625
527 48.1896851042 267.1875
528 48.1896851042 272.8125
529 48.1896851042 278.4375
530 48.1896851042 284.0625
531 48.1896851042 289.6875
532 48.1896851042 295.3125
533 48.1896851042 300.9375
534 48.1896851042 306.5625
535 48.1896851042 312.1875
536 48.1896851042 317.8125
537 48.1896851042 323.4375
538 48.1896851042 329.0625
539 48.1896851042 334.6875
540 48.1896851042 340.3125
541 48.1896851042 345.9375
542 48.1896851042 351.5625
543 48.1896851042 357.1875
544 51.3178125465 0.0
545 51.3178125465 5.625
546 51.3178125465 11.25
547 51.3178125465 16.875
548 51.3178125465 22.5
549 51.3178125465 28.125
550 51.3178125465 33.75
551 51.3178125465 39.375
552 51.3178125465 45.0
553 51.3178125465 50.625
554 51.3178125465 56.25
555 51.3178125465 61.875
556 51.3178125465 67.5
557 51.3178125465 73.125
558 51.3178125465 78.75
559 51.3178125465 84.375
560 51.3178125465 90.0
561 51.3178125465 95.625
562 51.3178125465 101.25
563 51.3178125465 106.875
564 51.3178125465 112.5
565 51.3178125465 118.125
566 51.3178125465 123.75
567 51.3178125465 129.375
568 51.3178125465 135.0
569 51.3178125465 140.625
570 51.3178125465 146.25
571 51.3178125465 151.875
572 51.3178125465 157.5
573 51.3178125465 163.125
574 51.3178125465 168.75
575 51.3178125465 174.375
576 51.3178125465 180.0
577 51.3178125465 185.625
578 51.3178125465 191.25
579 51.3178125465 196.875
580 51.3178125465 202.5
581 51.3178125465 208.125
582 51.3178125465 213.75
583 51.3178125465 219.375
584 51.3178125465 225.0
585 51.3178125465 230.625
586 51.3178125465 236.25
587 51.3178125465 241.875
588 51.3178125465 247.5
589 51.3178125465 253.125
590 51.3178125465 258.75
591 51.3178125465 264.375
592 51.3178125465 270.0
593 51.3178125465 275.625
594 51.3178125465 281.25
595 51.3178125465 286.875
596 51.3178125465 292.5
597 51.3178125465 298.125
598 51.3178125465 303.75
599 51.3178125465 309.375
600 51.3178125465 315.0
601 51.3178125465 320.625
602 51.3178125465 326.25
603 51.3178125465 331.875
604 51.3178125465 337.5
605 51.3178125465 343.125
606 51.3178125465 348.75
607 51.3178125465 354.375
608 54.3146652873 2.8125
609 54.3146652873 8.4375
610 54.3146652873 14.0625
611 54.3146652873 19.6875
612 54.3146652873 25.3125
613 54.3146652873 30.9375
614 54.3146652873 36.5625
615 54.3146652873 42.1875
616 54.3146652873 47.8125
617 54.3146652873 53.4375
618 54.3146652873 59.0625
619 54.3146652873 64.6875
620 54.3146652873 70.3125
621 54.3146652873 75.9375
622 54.3146652873 81.5625
623 54.3146652873 87.1875
624 54.3146652873 92.8125
625 54.3146652873 98.4375
626 54.3146652873 104.0625
627 54.3146652873 109.6875
628 54.3146652873 115.3125
629 54.3146652873 120.9375
630 54.3146652873 126.5625
631 54.3146652873 132.1875
632 54.3146652873 137.8125
633 54.3146652873 143.4375
634 54.3146652873 149.0625
635 54.3146652873 154.6875
636 54.3146652873 160.3125
637 54.3146652873 165.9375
638 54.3146652873 171.5625
639 54.3146652873 177.1875
640 54.3146652873 182.8125
641 54.3146652873 188.4375
642 54.3146652873 194.0625
643 54.3146652873 199.6875
644 54.3146652873 205.3125
645 54.3146652873 210.9375
646 54.3146652873 216.5625
647 54.3146652873 222.1875
648 54.3146652873 227.8125
649 54.3146652873 233.4375
650 54.3146652873 239.0625
651 54.3146652873 244.6875
652 54.3146652873 250.3125
653 54.3146652873 255.9375
654 54.3146652873 261.5625
655 54.3146652873 267.1875
656 54.3146652873 272.8125
657 54.3146652873 278.4375
658 54.3146652873 284.0625
659 54.3146652873 289.6875
660 54.3146652873 295.3125
661 54.3146652873 300.9375
662 54.3146652873 306.5625
663 54.3146652873 312.1875
664 54.3146652873 317.8125
665 54.3146652873 323.4375
666 54.3146652873 329.0625
667 54.3146652873 334.6875
668 54.3146652873 340.3125
669 54.3146652873 345.9375
670 54.3146652873 351.5625
671 54.3146652873 357.1875
672 57.2028317042 0.0
673 57.2028317042 5.625
674 57.2028317042 11.25
675 57.2028317042 16.875
676 57.2028317042 22.5
677 57.2028317042 28.125
678 57.2028317042 33.75
679 57.2028317042 39.375
680 57.2028317042 45.0
681 57.2028317042 50.625
682 57.2028317042 56.25
683 57.2028317042 61.875
684 57.2028317042 67.5
685 57.2028317042 73.125
686 57.2028317042 78.75
687 57.2028317042 84.375
688 57.2028317042 90.0
689 57.2028317042 95.625
690 57.2028317042 101.25
691 57.2028317042 106.875
692 57.2028317042 112.5
693 57.2028317042 118.125
694 57.2028317042 123.75
695 57.2028317042 129.375
696 57.2028317042 135.0
697 57.2028317042 140.625
698 57.2028317042 146.25
699 57.2028317042 151.875
700 57.2028317042 157.5
701 57.2028317042 163.125
702 57.2028317042 168.75
703 57.2028317042 174.375
704 57.2028317042 180.0
705 57.2028317042 185.625
706 57.2028317042 191.25
707 57.2028317042 196.875
708 57.2028317042 202.5
709 57.2028317042 208.125
710 57.2028317042 213.75
711 57.2028317042 219.375
712 57.2028317042 225.0
713 57.2028317042 230.625
714 57.2028317042 236.25
715 57.2028317042 241.875
716 57.2028317042 247.5
717 57.2028317042 253.125
718 57.2028317042 258.75
719 57.2028317042 264.375
720 57.2028317042 270.0
721 57.2028317042 275.625
722 57.2028317042 281.25
723 57.2028317042 286.875
724 57.2028317042 292.5
725 57.2028317042 298.125
726 57.2028317042 303.75
727 57.2028317042 309.375
728 57.2028317042 315.0
729 57.2028317042 320.625
730 57.2028317042 326.25
731 57.2028317042 331.875
732 57.2028317042 337.5
733 57.2028317042 343.125
734 57.2028317042 348.75
735 57.2028317042 354.375
736 60.0 2.8125
737 60.0 8.4375
738 60.0 14.0625
739 60.0 19.6875
740 60.0 25.3125
741 60.0 30.9375
742 60.0 36.5625
743 60.0 42.1875
744 60.0 47.8125
745 60.0 53.4375
746 60.0 59.0625
747 60.0 64.6875
748 60.0 70.3125
749 60.0 75.9375
750 60.0 81.5625
751 60.0 87.1875
752 60.0 92.8125
753 60.0 98.4375
754 60.0 104.0625
755 60.0 109.6875
756 60.0 115.3125
757 60.0 120.9375
758 60.0 126.5625
759 60.0 132.1875
760 60.0 137.8125
761 60.0 143.4375
762 60.0 149.0625
763 60.0 154.6875
764 60.0 160.3125
765 60.0 165.9375
766 60.0 171.5625
767 60.0 177.1875
768 60.0 182.8125
769 60.0 188.4375
770 60.0 194.0625
771 60.0 199.6875
772 60.0 205.3125
773 60.0 210.9375
774 60.0 216.5625
775 60.0 222.1875
776 60.0 227.8125
777 60.0 233.4375
778 60.0 239.0625
779 60.0 244.6875
780 60.0 250.3125
781 60.0 255.9375
782 60.0 261.5625
783 60.0 267.1875
784 60.0 272.8125
785 60.0 278.4375
786 60.0 284.0625
787 60.0 289.6875
788 60.0 295.3125
789 60.0 300.9375
790 60.0 306.5625
791 60.0 312.1875
792 60.0 317.8125
793 60.0 323.4375
794 60.0 329.0625
795 60.0 334.6875
796 60.0 340.3125
797 60.0 345.9375
798 60.0 351.5625
799 60.0 357.1875
800 62.720387264 0.0
801 62.720387264 5.625
802 62.720387264 11.25
803 62.720387264 16.875
804 62.720387264 22.5
805 62.720387264 28.125
806 62.720387264 33.75
807 62.720387264 39.375
808 62.720387264 45.0
809 62.720387264 50.625
810 62.720387264 56.25
811 62.720387264 61.875
812 62.720387264 67.5
813 62.720387264 73.125
814 62.720387264 78.75
815 62.720387264 84.375
816 62.720387264 90.0
817 62.720387264 95.625
818 62.720387264 101.25
819 62.720387264 106.875
820 62.720387264 112.5
821 62.720387264 118.125
822 62.720387264 123.75
823 62.720387264 129.375
824 62.720387264 135.0
825 62.720387264 140.625
826 62.720387264 146.25
827 62.720387264 151.875
828 62.720387264 157.5
829 62.720387264 163.125
830 62.720387264 168.75
831 62.720387264 174.375
832 62.720387264 180.0
833 62.720387264 185.625
834 62.720387264 191.25
835 62.720387264 196.875
836 62.720387264 202.5
837 62.720387264 208.125
838 62.720387264 213.75
839 62.720387264 219.375
840 62.720387264 225.0
841 62.720387264 230.625
842 62.720387264 236.25
843 62.720387264 241.875
844 62.720387264 247.5
845 62.720387264 253.125
846 62.720387264 258.75
847 62.720387264 264.375
848 62.720387264 270.0
849 62.720387264 275.625
850 62.720387264 281.25
851 62.720387264 286.875
852 62.720387264 292.5
853 62.720387264 298.125
854 62.720387264 303.75
855 62.720387264 309.375
856 62.720387264 315.0
857 62.720387264 320.625
858 62.720387264 326.25
859 62.720387264 331.875
860 62.720387264 337.5
861 62.720387264 343.125
862 62.720387264 348.75
863 62.720387264 354.375
864 65.3756816478 2.8125
865 65.3756816478 8.4375
866 65.3756816478 14.0625
867 65.3756816478 19.6875
868 65.3756816478 25.3125
869 65.3756816478 30.9375
870 65.3756816478 36.5625
871 65.3756816478 42.1875
872 65.3756816478 47.8125
873 65.3756816478 53.4375
874 65.3756816478 59.0625
875 65.3756816478 64.6875
876 65.3756816478 70.3125
877 65.3756816478 75.9375
878 65.3756816478 81.5625
879 65.3756816478 87.1875
880 65.3756816478 92.8125
881 65.3756816478 98.4375
882 65.3756816478 104.0625
883 65.3756816478 109.6875
884 65.3756816478 115.3125
885 65.3756816478 120.9375
886 65.3756816478 126.5625
887 65.3756816478 132.1875
888 65.3756816478 137.8125
889 65.3756816478 143.4375
890 65.3756816478 149.0625
891 65.3756816478 154.6875
892 65.3756816478 160.3125
893 65.3756816478 165.9375
894 65.3756816478 171.5625
895 65.3756816478 177.1875
896 65.3756816478 182.8125
897 65.3756816478 188.4375
898 65.3756816478 194.0625
899 65.3756816478 199.6875
900 65.3756816478 205.3125
901 65.3756816478 210.9375
902 65.3756816478 216.5625
903 65.3756816478 222.1875
904 65.3756816478 227.8125
905 65.3756816478 233.4375
906 65.3756816478 239.0625
907 65.3756816478 244.6875
908 65.3756816478 250.3125
909 65.3756816478 255.9375
910 65.3756816478 261.5625
911 65.3756816478 267.1875
912 65.3756816478 272.8125
913 65.3756816478 278.4375
914 65.3756816478 284.0625
915 65.3756816478 289.6875
916 65.3756816478 295.3125
917 65.3756816478 300.9375
918 65.3756816478 306.5625
919 65.3756816478 312.1875
920 65.3756816478 317.8125
921 65.3756816478 323.4375
922 65.3756816478 329.0625
923 65.3756816478 334.6875
924 65.3756816478 340.3125
925 65.3756816478 345.9375
926 65.3756816478 351.5625
927 65.3756816478 357.1875
928 67.975687163 0.0
929 67.975687163 5.625
930 67.975687163 11.25
931 67.975687163 16.875
932 67.975687163 22.5
933 67.975687163 28.125
934 67.975687163 33.75
935 67.975687163 39.375
936 67.975687163 45.0
937 67.975687163 50.625
938 67.975687163 56.25
939 67.975687163 61.875
940 67.975687163 67.5
941 67.975687163 73.125
942 67.975687163 78.75
943 67.975687163 84.375
944 67.975687163 90.0
945 67.975687163 95.625
946 67.975687163 101.25
947 67.975687163 106.875
948 67.975687163 112.5
949 67.975687163 118.125
950 67.975687163 123.75
951 67.975687163 129.375
952 67.975687163 135.0
953 67.975687163 140.625
954 67.975687163 146.25
955 67.975687163 151.875
956 67.975687163 157.5
957 67.975687163 163.125
958 67.975687163 168.75
959 67.975687163 174.375
960 67.975687163 180.0
961 67.975687163 185.625
962 67.975687163 191.25
963 67.975687163 196.875
964 67.975687163 202.5
965 67.975687163 208.125
966 67.975687163 213.75
967 67.975687163 219.375
968 67.975687163 225.0
969 67.975687163 230.625
970 67.975687163 236.25
971 67.975687163 241.875
972 67.975687163 247.5
973 67.975687163 253.125
974 67.975687163 258.75
975 67.975687163 264.375
976 67.975687163 270.0
977 67.975687163 275.625
978 67.975687163 281.25
979 67.975687163 286.875
980 67.975687163 292.5
981 67.975687163 298.125
982 67.975687163 303.75
983 67.975687163 309.375
984 67.975687163 315.0
985 67.975687163 320.625
986 67.975687163 326.25
987 67.975687163 331.875
988 67.975687163 337.5
989 67.975687163 343.125
990 67.975687163 348.75
991 67.975687163 354.375
992 70.5287793655 2.8125
993 70.5287793655 8.4375
994 70.5287793655 14.0625
995 70.5287793655 19.6875
996 70.5287793655 25.3125
997 70.5287793655 30.9375
998 70.5287793655 36.5625
999 70.5287793655 42.1875
1000 70.5287793655 47.8125
1001 70.5287793655 53.4375
1002 70.5287793655 59.0625
1003 70.5287793655 64.6875
1004 70.5287793655 70.3125
1005 70.5287793655 75.9375
1006 70.5287793655 81.5625
1007 70.5287793655 87.1875
1008 70.5287793655 92.8125
1009 70.5287793655 98.4375
1010 70.5287793655 104.0625
1011 70.5287793655 109.6875
1012 70.5287793655 115.3125
1013 70.5287793655 120.9375
1014 70.5287793655 126.5625
1015 70.5287793655 132.1875
1016 70.5287793655 137.8125
1017 70.5287793655 143.4375
1018 70.5287793655 149.0625
1019 70.5287793655 154.6875
1020 70.5287793655 160.3125
1021 70.5287793655 165.9375
1022 70.5287793655 171.5625
1023 70.5287793655 177.1875
1024 70.5287793655 182.8125
1025 70.5287793655 188.4375
1026 70.5287793655 194.0625
1027 70.5287793655 199.6875
1028 70.5287793655 205.3125
1029 70.5287793655 210.9375
1030 70.5287793655 216.5625
1031 70.5287793655 222.1875
1032 70.5287793655 227.8125
1033 70.5287793655 233.4375
1034 70.5287793655 239.0625
1035 70.5287793655 244.6875
1036 70.5287793655 250.3125
1037 70.5287793655 255.9375
1038 70.5287793655 261.5625
1039 70.5287793655 267.1875
1040 70.5287793655 272.8125
1041 70.5287793655 278.4375
1042 70.5287793655 284.0625
1043 70.5287793655 289.6875
1044 70.5287793655 295.3125
1045 70.5287793655 300.9375
1046 70.5287793655 306.5625
1047 70.5287793655 312.1875
1048 70.5287793655 317.8125
1049 70.5287793655 323.4375
1050 70.5287793655 329.0625
1051 70.5287793655 334.6875
1052 70.5287793655 340.3125
1053 70.5287793655 345.9375
1054 70.5287793655 351.5625
1055 70.5287793655 357.1875
1056 73.0422367 0.0
1057 73.0422367 5.625
1058 73.0422367 11.25
1059 73.0422367 16.875
1060 73.0422367 22.5
1061 73.0422367 28.125
1062 73.0422367 33.75
1063 73.0422367 39.375
1064 73.0422367 45.0
1065 73.0422367 50.625
1066 73.0422367 56.25
1067 73.0422367 61.875
1068 73.0422367 67.5
1069 73.0422367 73.125
1070 73.0422367 78.75
1071 73.0422367 84.375
1072 73.0422367 90.0
1073 73.0422367 95.625
1074 73.0422367 101.25
1075 73.0422367 106.875
1076 73.0422367 112.5
1077 73.0422367 118.125
1078 73.0422367 123.75
1079 73.0422367 129.375
1080 73.0422367 135.0
1081 73.0422367 140.625
1082 73.0422367 146.25
1083 73.0422367 151.875
1084 73.0422367 157.5
1085 73.0422367 163.125
1086 73.0422367 168.75
1087 73.0422367 174.375
1088 73.0422367 180.0
1089 73.0422367 185.625
1090 73.0422367 191.25
1091 73.0422367 196.875
1092 73.0422367 202.5
1093 73.0422367 208.125
1094 73.0422367 213.75
1095 73.0422367 219.375
1096 73.0422367 225.0
1097 73.0422367 230.625
1098 73.0422367 236.25
1099 73.0422367 241.875
1100 73.0422367 247.5
1101 73.0422367 253.125
1102 73.0422367 258.75
1103 73.0422367 264.375
1104 73.0422367 270.0
1105 73.0422367 275.625
1106 73.0422367 281.25
1107 73.0422367 286.875
1108 73.0422367 292.5
1109 73.0422367 298.125
1110 73.0422367 303.75
1111 73.0422367 309.375
1112 73.0422367 315.0
1113 73.0422367 320.625
1114 73.0422367 326.25
1115 73.0422367 331.875
1116 73.0422367 337.5
1117 73.0422367 343.125
1118 73.0422367 348.75
1119 73.0422367 354.375
1120 75.5224878141 2.8125
1121 75.5224878141 8.4375
1122 75.5224878141 14.0625
1123 75.5224878141 19.6875
1124 75.5224878141 25.3125
1125 75.5224878141 30.9375
1126 75.5224878141 36.5625
1127 75.5224878141 42.1875
1128 75.5224878141 47.8125
1129 75.5224878141 53.4375
1130 75.5224878141 59.0625
1131 75.5224878141 64.6875
1132 75.5224878141 70.3125
1133 75.5224878141 75.9375
1134 75.5224878141 81.5625
1135 75.5224878141 87.1875
1136 75.5224878141 92.8125
1137 75.5224878141 98.4375
1138 75.5224878141 104.0625
1139 75.5224878141 109.6875
1140 75.5224878141 115.3125
1141 75.5224878141 120.9375
1142 75.5224878141 126.5625
1143 75.5224878141 132.1875
1144 75.5224878141 137.8125
1145 75.5224878141 143.4375
1146 75.5224878141 149.0625
1147 75.5224878141 154.6875
1148 75.5224878141 160.3125
1149 75.5224878141 165.9375
1150 75.5224878141 171.5625
1151 75.5224878141 177.1875
1152 75.5224878141 182.8125
1153 75.5224878141 188.4375
1154 75.5224878141 194.0625
1155 75.5224878141 199.6875
1156 75.5224878141 205.3125
1157 75.5224878141 210.9375
1158 75.5224878141 216.5625
1159 75.5224878141 222.1875
1160 75.5224878141 227.8125
1161 75.5224878141 233.4375
1162 75.5224878141 239.0625
1163 75.5224878141 244.6875
1164 75.5224878141 250.3125
1165 75.5224878141 255.9375
1166 75.5224878141 261.5625
1167 75.5224878141 267.1875
1168 75.5224878141 272.8125
1169 75.5224878141 278.4375
1170 75.5224878141 284.0625
1171 75.5224878141 289.6875
1172 75.5224878141 295.3125
1173 75.5224878141 300.9375
1174 75.5224878141 306.5625
1175 75.5224878141 312.1875
1176 75.5224878141 317.8125
1177 75.5224878141 323.4375
1178 75.5224878141 329.0625
1179 75.5224878141 334.6875
1180 75.5224878141 340.3125
1181 75.5224878141 345.9375
1182 75.5224878141 351.5625
1183 75.5224878141 357.1875
1184 77.9753008194 0.0
1185 77.9753008194 5.625
1186 77.9753008194 11.25
1187 77.9753008194 16.875
1188 77.9753008194 22.5
1189 77.9753008194 28.125
1190 77.9753008194 33.75
1191 77.9753008194 39.375
1192 77.9753008194 45.0
1193 77.9753008194 50.625
1194 77.9753008194 56.25
1195 77.9753008194 61.875
1196 77.9753008194 67.5
1197 77.9753008194 73.125
1198 77.9753008194 78.75
1199 77.9753008194 84.375
1200 77.9753008194 90.0
1201 77.9753008194 95.625
1202 77.9753008194 101.25
1203 77.9753008194 106.875
1204 77.9753008194 112.5
1205 77.9753008194 118.125
1206 77.9753008194 123.75
1207 77.9753008194 129.375
1208 77.9753008194 135.0
1209 77.9753008194 140.625
1210 77.9753008194 146.25
1211 77.9753008194 151.875
1212 77.9753008194 157.5
1213 77.9753008194 163.125
1214 77.9753008194 168.75
1215 77.9753008194 174.375
1216 77.9753008194 180.0
1217 77.9753008194 185.625
1218 77.9753008194 191.25
1219 77.9753008194 196.875
1220 77.9753008194 202.5
1221 77.9753008194 208.125
1222 77.9753008194 213.75
1223 77.9753008194 219.375
1224 77.9753008194 225.0
1225 77.9753008194 230.625
1226 77.9753008194 236.25
1227 77.9753008194 241.875
1228 77.9753008194 247.5
1229 77.9753008194 253.125
1230 77.9753008194 258.75
1231 77.9753008194 264.375
1232 77.9753008194 270.0
1233 77.9753008194 275.625
1234 77.9753008194 281.25
1235 77.9753008194 286.875
1236 77.9753008194 292.5
1237 77.9753008194 298.125
1238 77.9753008194 303.75
1239 77.9753008194 309.375
1240 77.9753008194 315.0
1241 77.9753008194 320.625
1242 77.9753008194 326.25
1243 77.9753008194 331.875
1244 77.9753008194 337.5
1245 77.9753008194 343.125
1246 77.9753008194 348.75
1247 77.9753008194 354.375
1248 80.4059317731 2.8125
1249 80.4059317731 8.4375
1250 80.4059317731 14.0625
1251 80.4059317731 19.6875
1252 80.4059317731 25.3125
1253 80.4059317731 30.9375
1254 80.4059317731 36.5625
1255 80.4059317731 42.1875
1256 80.4059317731 47.8125
1257 80.4059317731 53.4375
1258 80.4059317731 59.0625
1259 80.4059317731 64.6875
1260 80.4059317731 70.3125
1261 80.4059317731 75.9375
1262 80.4059317731 81.5625
1263 80.4059317731 87.1875
1264 80.4059317731 92.8125
1265 80.4059317731 98.4375
1266 80.4059317731 104.0625
1267 80.4059317731 109.6875
1268 80.4059317731 115.3125
1269 80.4059317731 120.9375
1270 80.4059317731 126.5625
1271 80.4059317731 132.1875
1272 80.4059317731 137.8125
1273 80.4059317731 143.4375
1274 80.4059317731 149.0625
1275 80.4059317731 154.6875
1276 80.4059317731 160.3125
1277 80.4059317731 165.9375
1278 80.4059317731 171.5625
1279 80.4059317731 177.1875
1280 80.4059317731 182.8125
1281 80.4059317731 188.4375
1282 80.4059317731 194.0625
1283 80.4059317731 199.6875
1284 80.4059317731 205.3125
1285 80.4059317731 210.9375
1286 80.4059317731 216.5625
1287 80.4059317731 222.1875
1288 80.4059317731 227.8125
1289 80.4059317731 233.4375
1290 80.4059317731 239.0625
1291 80.4059317731 244.6875
1292 80.4059317731 250.3125
1293 80.4059317731 255.9375
1294 80.4059317731 261.5625
1295 80.4059317731 267.1875
1296 80.4059317731 272.8125
1297 80.4059317731 278.4375
1298 80.4059317731 284.0625
1299 80.4059317731 289.6875
1300 80.4059317731 295.3125
1301 80.4059317731 300.9375
1302 80.4059317731 306.5625
1303 80.4059317731 312.1875
1304 80.4059317731 317.8125
1305 80.4059317731 323.4375
1306 80.4059317731 329.0625
1307 80.4059317731 334.6875
1308 80.4059317731 340.3125
1309 80.4059317731 345.9375
1310 80.4059317731 351.5625
1311 80.4059317731 357.1875
1312 82.8192442185 0.0
1313 82.8192442185 5.625
1314 82.8192442185 11.25
1315 82.8192442185 16.875
1316 82.8192442185 22.5
1317 82.8192442185 28.125
1318 82.8192442185 33.75
1319 82.8192442185 39.375
1320 82.8192442185 45.0
1321 82.8192442185 50.625
1322 82.8192442185 56.25
1323 82.8192442185 61.875
1324 82.8192442185 67.5
1325 82.8192442185 73.125
1326 82.8192442185 78.75
1327 82.8192442185 84.375
1328 82.8192442185 90.0
1329 82.8192442185 95.625
1330 82.8192442185 101.25
1331 82.8192442185 106.875
1332 82.8192442185 112.5
1333 82.8192442185 118.125
1334 82.8192442185 123.75
1335 82.8192442185 129.375
1336 82.8192442185 135.0
1337 82.8192442185 140.625
1338 82.8192442185 146.25
1339 82.8192442185 151.875
1340 82.8192442185 157.5
1341 82.8192442185 163.125
1342 82.8192442185 168.75
1343 82.8192442185 174.375
1344 82.8192442185 180.0
1345 82.8192442185 185.625
1346 82.8192442185 191.25
1347 82.8192442185 196.875
1348 82.8192442185 202.5
1349 82.8192442185 208.125
1350 82.8192442185 213.75
1351 82.8192442185 219.375
1352 82.8192442185 225.0
1353 82.8192442185 230.625
1354 82.8192442185 236.25
1355 82.8192442185 241.875
1356 82.8192442185 247.5
1357 82.8192442185 253.125
1358 82.8192442185 258.75
1359 82.8192442185 264.375
1360 82.8192442185 270.0
1361 82.8192442185 275.625
1362 82.8192442185 281.25
1363 82.8192442185 286.875
1364 82.8192442185 292.5
1365 82.8192442185 298.125
1366 82.8192442185 303.75
1367 82.8192442185 309.375
1368 82.8192442185 315.0
1369 82.8192442185 320.625
1370 82.8192442185 326.25
1371 82.8192442185 331.875
1372 82.8192442185 337.5
1373 82.8192442185 343.125
1374 82.8192442185 348.75
1375 82.8192442185 354.375
1376 85.2198081528 2.8125
1377 85.2198081528 8.4375
1378 85.2198081528 14.0625
1379 85.2198081528 19.6875
1380 85.2198081528 25.3125
1381 85.2198081528 30.9375
1382 85.2198081528 36.5625
1383 85.2198081528 42.1875
1384 85.2198081528 47.8125
1385 85.2198081528 53.4375
1386 85.2198081528 59.0625
1387 85.2198081528 64.6875
1388 85.2198081528 70.3125
1389 85.2198081528 75.9375
1390 85.2198081528 81.5625
1391 85.2198081528 87.1875
1392 85.2198081528 92.8125
1393 85.2198081528 98.4375
1394 85.2198081528 104.0625
1395 85.2198081528 109.6875
1396 85.2198081528 115.3125
1397 85.2198081528 120.9375
1398 85.2198081528 126.5625
1399 85.2198081528 132.1875
1400 85.2198081528 137.8125
1401 85.2198081528 143.4375
1402 85.2198081528 149.0625
1403 85.2198081528 154.6875
1404 85.2198081528 160.3125
1405 85.2198081528 165.9375
1406 85.2198081528 171.5625
1407 85.2198081528 177.1875
1408 85.2198081528 182.8125
1409 85.2198081528 188.4375
1410 85.2198081528 194.0625
1411 85.2198081528 199.6875
1412 85.2198081528 205.3125
1413 85.2198081528 210.9375
1414 85.2198081528 216.5625
1415 85.2198081528 222.1875
1416 85.2198081528 227.8125
1417 85.2198081528 233.4375
1418 85.2198081528 239.0625
1419 85.2198081528 244.6875
1420 85.2198081528 250.3125
1421 85.2198081528 255.9375
1422 85.2198081528 261.5625
1423 85.2198081528 267.1875
1424 85.2198081528 272.8125
1425 85.2198081528 278.4375
1426 85.2198081528 284.0625
1427 85.2198081528 289.6875
1428 85.2198081528 295.3125
1429 85.2198081528 300.9375
1430 85.2198081528 306.5625
1431 85.2198081528 312.1875
1432 85.2198081528 317.8125
1433 85.2198081528 323.4375
1434 85.2198081528 329.0625
1435 85.2198081528 334.6875
1436 85.2198081528 340.3125
1437 85.2198081528 345.9375
1438 85.2198081528 351.5625
1439 85.2198081528 357.1875
1440 87.6119845367 0.0
1441 87.6119845367 5.625
1442 87.6119845367 11.25
1443 87.6119845367 16.875
1444 87.6119845367 22.5
1445 87.6119845367 28.125
1446 87.6119845367 33.75
1447 87.6119845367 39.375
1448 87.6119845367 45.0
1449 87.6119845367 50.625
1450 87.6119845367 56.25
1451 87.6119845367 61.875
1452 87.6119845367 67.5
1453 87.6119845367 73.125
1454 87.6119845367 78.75
1455 87.6119845367 84.375
1456 87.6119845367 90.0
1457 87.6119845367 95.625
1458 87.6119845367 101.25
1459 87.6119845367 106.875
1460 87.6119845367 112.5
1461 87.6119845367 118.125
1462 87.6119845367 123.75
1463 87.6119845367 129.375
1464 87.6119845367 135.0
1465 87.6119845367 140.625
1466 87.6119845367 146.25
1467 87.6119845367 151.875
1468 87.6119845367 157.5
1469 87.6119845367 163.125
1470 87.6119845367 168.75
1471 87.6119845367 174.375
1472 87.6119845367 180.0
1473 87.6119845367 185.625
1474 87.6119845367 191.25
1475 87.6119845367 196.875
1476 87.6119845367 202.5
1477 87.6119845367 208.125
1478 87.6119845367 213.75
1479 87.6119845367 219.375
1480 87.6119845367 225.0
1481 87.6119845367 230.625
1482 87.6119845367 236.25
1483 87.6119845367 241.875
1484 87.6119845367 247.5
1485 87.6119845367 253.125
1486 87.6119845367 258.75
1487 87.6119845367 264.375
1488 87.6119845367 270.0
1489 87.6119845367 275.625
1490 87.6119845367 281.25
1491 87.6119845367 286.875
1492 87.6119845367 292.5
1493 87.6119845367 298.125
1494 87.6119845367 303.75
1495 87.6119845367 309.375
1496 87.6119845367 315.0
1497 87.6119845367 320.625
1498 87.6119845367 326.25
1499 87.6119845367 331.875
1500 87.6119845367 337.5
1501 87.6119845367 343.125
1502 87.6119845367 348.75
1503 87.6119845367 354.375
1504 90.0 2.8125
1505 90.0 8.4375
1506 90.0 14.0625
1507 90.0 19.6875
1508 90.0 25.3125
1509 90.0 30.9375
1510 90.0 36.5625
1511 90.0 42.1875
1512 90.0 47.8125
1513 90.0 53.4375
1514 90.0 59.0625
1515 90.0 64.6875
1516 90.0 70.3125
1517 90.0 75.9375
1518 90.0 81.5625
1519 90.0 87.1875
1520 90.0 92.8125
1521 90.0 98.4375
1522 90.0 104.0625
1523 90.0 109.6875
1524 90.0 115.3125
1525 90.0 120.9375
1526 90.0 126.5625
1527 90.0 132.1875
1528 90.0 137.8125
1529 90.0 143.4375
1530 90.0 149.0625
1531 90.0 154.6875
1532 90.0 160.3125
1533 90.0 165.9375
1534 90.0 171.5625
1535 90.0 177.1875
1536 90.0 182.8125
1537 90.0 188.4375
1538 90.0 194.0625
1539 90.0 199.6875
1540 90.0 205.3125
1541 90.0 210.9375
1542 90.0 216.5625
1543 90.0 222.1875
1544 90.0 227.8125
1545 90.0 233.4375
1546 90.0 239.0625
1547 90.0 244.6875
1548 90.0 250.3125
1549 90.0 255.9375
1550 90.0 261.5625
1551 90.0 267.1875
1552 90.0 272.8125
1553 90.0 278.4375
1554 90.0 284.0625
1555 90.0 289.6875
1556 90.0 295.3125
1557 90.0 300.9375
1558 90.0 306.5625
1559 90.0 312.1875
1560 90.0 317.8125
1561 90.0 323.4375
1562 90.0 329.0625
1563 90.0 334.6875
1564 90.0 340.3125
1565 90.0 345.9375
1566 90.0 351.5625
1567 90.0 357.1875
1568 92.3880154633 0.0
1569 92.3880154633 5.625
1570 92.3880154633 11.25
1571 92.3880154633 16.875
1572 92.3880154633 22.5
1573 92.3880154633 28.125
1574 92.3880154633 33.75
1575 92.3880154633 39.375
1576 92.3880154633 45.0
1577 92.3880154633 50.625
1578 92.3880154633 56.25
1579 92.3880154633 61.875
1580 92.3880154633 67.5
1581 92.3880154633 73.125
1582 92.3880154633 78.75
1583 92.3880154633 84.375
1584 92.3880154633 90.0
1585 92.3880154633 95.625
1586 92.3880154633 101.25
1587 92.3880154633 106.875
1588 92.3880154633 112.5
1589 92.3880154633 118.125
1590 92.3880154633 123.75
1591 92.3880154633 129.375
1592 92.3880154633 135.0
1593 92.3880154633 140.625
1594 92.3880154633 146.25
1595 92.3880154633 151.875
1596 92.3880154633 157.5
1597 92.3880154633 163.125
1598 92.3880154633 168.75
1599 92.3880154633 174.375
1600 92.3880154633 180.0
1601 92.3880154633 185.625
1602 92.3880154633 191.25
1603 92.3880154633 196.875
1604 92.3880154633 202.5
1605 92.3880154633 208.125
1606 92.3880154633 213.75
1607 92.3880154633 219.375
1608 92.3880154633 225.0
1609 92.3880154633 230.625
1610 92.3880154633 236.25
1611 92.3880154633 241.875
1612 92.3880154633 247.5
1613 92.3880154633 253.125
1614 92.3880154633 258.75
1615 92.3880154633 264.375
1616 92.3880154633 270.0
1617 92.3880154633 275.625
1618 92.3880154633 281.25
1619 92.3880154633 286.875
1620 92.3880154633 292.5
1621 92.3880154633 298.125
1622 92.3880154633 303.75
1623 92.3880154633 309.375
1624 92.3880154633 315.0
1625 92.3880154633 320.625
1626 92.3880154633 326.25
1627 92.3880154633 331.875
1628 92.3880154633 337.5
1629 92.3880154633 343.125
1630 92.3880154633 348.75
1631 92.3880154633 354.375
1632 94.7801918472 2.8125
1633 94.7801918472 8.4375
1634 94.7801918472 14.0625
1635 94.7801918472 19.6875
1636 94.7801918472 25.3125
1637 94.7801918472 30.9375
1638 94.7801918472 36.5625
1639 94.7801918472 42.1875
1640 94.7801918472 47.8125
1641 94.7801918472 53.4375
1642 94.7801918472 59.0625
1643 94.7801918472 64.6875
1644 94.7801918472 70.3125
1645 94.7801918472 75.9375
1646 94.7801918472 81.5625
1647 94.7801918472 87.1875
1648 94.7801918472 92.8125
1649 94.7801918472 98.4375
1650 94.7801918472 104.0625
1651 94.7801918472 109.6875
1652 94.7801918472 115.3125
1653 94.7801918472 120.9375
1654 94.7801918472 126.5625
1655 94.7801918472 132.1875
1656 94.7801918472 137.8125
1657 94.7801918472 143.4375
1658 94.7801918472 149.0625
1659 94.7801918472 154.6875
1660 94.7801918472 160.3125
1661 94.7801918472 165.9375
1662 94.7801918472 171.5625
1663 94.7801918472 177.1875
1664 94.7801918472 182.8125
1665 94.7801918472 188.4375
1666 94.7801918472 194.0625
1667 94.7801918472 199.6875
1668 94.7801918472 205.3125
1669 94.7801918472 210.9375
1670 94.7801918472 216.5625
1671 94.7801918472 222.1875
1672 94.7801918472 227.8125
1673 94.7801918472 233.4375
1674 94.7801918472 239.0625
1675 94.7801918472 244.6875
1676 94.7801918472 250.3125
1677 94.7801918472 255.9375
1678 94.7801918472 261.5625
1679 94.7801918472 267.1875
1680 94.7801918472 272.8125
1681 94.7801918472 278.4375
1682 94.7801918472 284.0625
1683 94.7801918472 289.6875
1684 94.7801918472 295.3125
1685 94.7801918472 300.9375
1686 94.7801918472 306.5625
1687 94.7801918472 312.1875
1688 94.7801918472 317.8125
1689 94.7801918472 323.4375
1690 94.7801918472 329.0625
1691 94.7801918472 334.6875
1692 94.7801918472 340.3125
1693 94.7801918472 345.9375
1694 94.7801918472 351.5625
1695 94.7801918472 357.1875
1696 97.1807557815 0.0
1697 97.1807557815 5.625
1698 97.1807557815 11.25
1699 97.1807557815 16.875
1700 97.1807557815 22.5
1701 97.1807557815 28.125
1702 97.1807557815 33.75
1703 97.1807557815 39.375
1704 97.1807557815 45.0
1705 97.1807557815 50.625
1706 97.1807557815 56.25
1707 97.1807557815 61.875
1708 97.1807557815 67.5
1709 97.1807557815 73.125
1710 97.1807557815 78.75
1711 97.1807557815 84.375
1712 97.1807557815 90.0
1713 97.1807557815 95.625
1714 97.1807557815 101.25
1715 97.1807557815 106.875
1716 97.1807557815 112.5
1717 97.1807557815 118.125
1718 97.1807557815 123.75
1719 97.1807557815 129.375
1720 97.1807557815 135.0
1721 97.1807557815 140.625
1722 97.1807557815 146.25
1723 97.1807557815 151.875
1724 97.1807557815 157.5
1725 97.1807557815 163.125
1726 97.1807557815 168.75
1727 97.1807557815 174.375
1728 97.1807557815 180.0
1729 97.1807557815 185.625
1730 97.1807557815 191.25
1731 97.1807557815 196.875
1732 97.1807557815 202.5
1733 97.1807557815 208.125
1734 97.1807557815 213.75
1735 97.1807557815 219.375
1736 97.1807557815 225.0
1737 97.1807557815 230.625
1738 97.1807557815 236.25
1739 97.1807557815 241.875
1740 97.1807557815 247.5
1741 97.1807557815 253.125
1742 97.1807557815 258.75
1743 97.1807557815 264.375
1744 97.1807557815 270.0
1745 97.1807557815 275.625
1746 97.1807557815 281.25
1747 97.1807557815 286.875
1748 97.1807557815 292.5
1749 97.1807557815 298.125
1750 97.1807557815 303.75
1751 97.1807557815 309.375
1752 97.1807557815 315.0
1753 97.1807557815 320.625
1754 97.1807557815 326.25
1755 97.1807557815 331.875
1756 97.1807557815 337.5
1757 97.1807557815 343.125
1758 97.1807557815 348.75
1759 97.1807557815 354.375
1760 99.5940682269 2.8125
1761 99.5940682269 8.4375
1762 99.5940682269 14.0625
1763 99.5940682269 19.6875
1764 99.5940682269 25.3125
1765 99.5940682269 30.9375
1766 99.5940682269 36.5625
1767 99.5940682269 42.1875
1768 99.5940682269 47.8125
1769 99.5940682269 53.4375
1770 99.5940682269 59.0625
1771 99.5940682269 64.6875
1772 99.5940682269 70.3125
1773 99.5940682269 75.9375
1774 99.5940682269 81.5625
1775 99.5940682269 87.1875
1776 99.5940682269 92.8125
1777 99.5940682269 98.4375
1778 99.5940682269 104.0625
1779 99.5940682269 109.6875
1780 99.5940682269 115.3125
1781 99.5940682269 120.9375
1782 99.5940682269 126.5625
1783 99.5940682269 132.1875
1784 99.5940682269 137.8125
1785 99.5940682269 143.4375
1786 99.5940682269 149.0625
1787 99.5940682269 154.6875
1788 99.5940682269 160.3125
1789 99.5940682269 165.9375
1790 99.5940682269 171.5625
1791 99.5940682269 177.1875
1792 99.5940682269 182.8125
1793 99.5940682269 188.4375
1794 99.5940682269 194.0625
1795 99.5940682269 199.6875
1796 99.5940682269 205.3125
1797 99.5940682269 210.9375
1798 99.5940682269 216.5625
1799 99.5940682269 222.1875
1800 99.5940682269 227.8125
1801 99.5940682269 233.4375
1802 99.5940682269 239.0625
1803 99.5940682269 244.6875
1804 99.5940682269 250.3125
1805 99.5940682269 255.9375
1806 99.5940682269 261.5625
1807 99.5940682269 267.1875
1808 99.5940682269 272.8125
1809 99.5940682269 278.4375
1810 99.5940682269 284.0625
1811 99.5940682269 289.6875
1812 99.5940682269 295.3125
1813 99.5940682269 300.9375
1814 99.5940682269 306.5625
1815 99.5940682269 312.1875
1816 99.5940682269 317.8125
1817 99.5940682269 323.4375
1818 99.5940682269 329.0625
1819 99.5940682269 334.6875
1820 99.5940682269 340.3125
1821 99.5940682269 345.9375
1822 99.5940682269 351.5625
1823 99.5940682269 357.1875
1824 102.024699181 0.0
1825 102.024699181 5.625
1826 102.024699181 11.25
1827 102.024699181 16.875
1828 102.024699181 22.5
1829 102.024699181 28.125
1830 102.024699181 33.75
1831 102.024699181 39.375
1832 102.024699181 45.0
1833 102.024699181 50.625
1834 102.024699181 56.25
1835 102.024699181 61.875
1836 102.024699181 67.5
1837 102.024699181 73.125
1838 102.024699181 78.75
1839 102.024699181 84.375
1840 102.024699181 90.0
1841 102.024699181 95.625
1842 102.024699181 101.25
1843 102.024699181 106.875
1844 102.024699181 112.5
1845 102.024699181 118.125
1846 102.024699181 123.75
1847 102.024699181 129.375
1848 102.024699181 135.0
1849 102.024699181 140.625
1850 102.024699181 146.25
1851 102.024699181 151.875
1852 102.024699181 157.5
1853 102.024699181 163.125
1854 102.024699181 168.75
1855 102.024699181 174.375
1856 102.024699181 180.0
1857 102.024699181 185.625
1858 102.024699181 191.25
1859 102.024699181 196.875
1860 102.024699181 202.5
1861 102.024699181 208.125
1862 102.024699181 213.75
1863 102.024699181 219.375
1864 102.024699181 225.0
1865 102.024699181 230.625
1866 102.024699181 236.25
1867 102.024699181 241.875
1868 102.024699181 247.5
1869 102.024699181 253.125
1870 102.024699181 258.75
1871 102.024699181 264.375
1872 102.024699181 270.0
1873 102.024699181 275.625
1874 102.024699181 281.25
1875 102.024699181 286.875
1876 102.024699181 292.5
1877 102.024699181 298.125
1878 102.024699181 303.75
1879 102.024699181 309.375
1880 102.024699181 315.0
1881 102.024699181 320.625
1882 102.024699181 326.25
1883 102.024699181 331.875
1884 102.024699181 337.5
1885 102.024699181 343.125
1886 102.024699181 348.75
1887 102.024699181 354.375
1888 104.477512186 2.8125
1889 104.477512186 8.4375
1890 104.477512186 14.0625
1891 104.477512186 19.6875
1892 104.477512186 25.3125
1893 104.477512186 30.9375
1894 104.477512186 36.5625
1895 104.477512186 42.1875
1896 104.477512186 47.8125
1897 104.477512186 53.4375
1898 104.477512186 59.0625
1899 104.477512186 64.6875
1900 104.477512186 70.3125
1901 104.477512186 75.9375
1902 104.477512186 81.5625
1903 104.477512186 87.1875
1904 104.477512186 92.8125
1905 104.477512186 98.4375
1906 104.477512186 104.0625
1907 104.477512186 109.6875
1908 104.477512186 115.3125
1909 104.477512186 120.9375
1910 104.477512186 126.5625
1911 104.477512186 132.1875
1912 104.477512186 137.8125
1913 104.477512186 143.4375
1914 104.477512186 149.0625
1915 104.477512186 154.6875
1916 104.477512186 160.3125
1917 104.477512186 165.9375
1918 104.477512186 171.5625
1919 104.477512186 177.1875
1920 104.477512186 182.8125
1921 104.477512186 188.4375
1922 104.477512186 194.0625
1923 104.477512186 199.6875
1924 104.477512186 205.3125
1925 104.477512186 210.9375
1926 104.477512186 216.5625
1927 104.477512186 222.1875
1928 104.477512186 227.8125
1929 104.477512186 233.4375
1930 104.477512186 239.0625
1931 104.477512186 244.6875
1932 104.477512186 250.3125
1933 104.477512186 255.9375
1934 104.477512186 261.5625
1935 104.477512186 267.1875
1936 104.477512186 272.8125
1937 104.477512186 278.4375
1938 104.477512186 284.0625
1939 104.477512186 289.6875
1940 104.477512186 295.3125
1941 104.477512186 300.9375
1942 104.477512186 306.5625
1943 104.477512186 312.1875
1944 104.477512186 317.8125
1945 104.477512186 323.4375
1946 104.477512186 329.0625
1947 104.477512186 334.6875
1948 104.477512186 340.3125
1949 104.477512186 345.9375
1950 104.477512186 351.5625
1951 104.477512186 357.1875
1952 106.9577633 0.0
1953 106.9577633 5.625
1954 106.9577633 11.25
1955 106.9577633 16.875
1956 106.9577633 22.5
1957 106.9577633 28.125
1958 106.9577633 33.75
1959 106.9577633 39.375
1960 106.9577633 45.0
1961 106.9577633 50.625
1962 106.9577633 56.25
1963 106.9577633 61.875
1964 106.9577633 67.5
1965 106.9577633 73.125
1966 106.9577633 78.75
1967 106.9577633 84.375
1968 106.9577633 90.0
1969 106.9577633 95.625
1970 106.9577633 101.25
1971 106.9577633 106.875
1972 106.9577633 112.5
1973 106.9577633 118.125
1974 106.9577633 123.75
1975 106.9577633 129.375
1976 106.9577633 135.0
1977 106.9577633 140.625
1978 106.9577633 146.25
1979 106.9577633 151.875
1980 106.9577633 157.5
1981 106.9577633 163.125
1982 106.9577633 168.75
1983 106.9577633 174.375
1984 106.9577633 180.0
1985 106.9577633 185.625
1986 106.9577633 191.25
1987 106.9577633 196.875
1988 106.9577633 202.5
1989 106.9577633 208.125
1990 106.9577633 213.75
1991 106.9577633 219.375
1992 106.9577633 225.0
1993 106.9577633 230.625
1994 106.9577633 236.25
1995 106.9577633 241.875
1996 106.9577633 247.5
1997 106.9577633 253.125
1998 106.9577633 258.75
1999 106.9577633 264.375
2000 106.9577633 270.0
2001 106.9577633 275.625
2002 106.9577633 281.25
2003 106.9577633 286.875
2004 106.9577633 292.5
2005 106.9577633 298.125
2006 106.9577633 303.75
2007 106.9577633 309.375
2008 106.9577633 315.0
2009 106.9577633 320.625
2010 106.9577633 326.25
2011 106.9577633 331.875
2012 106.9577633 337.5
2013 106.9577633 343.125
2014 106.9577633 348.75
2015 106.9577633 354.375
2016 109.471220634 2.8125
2017 109.471220634 8.4375
2018 109.471220634 14.0625
2019 109.471220634 19.6875
2020 109.471220634 25.3125
2021 109.471220634 30.9375
2022 109.471220634 36.5625
2023 109.471220634 42.1875
2024 109.471220634 47.8125
2025 109.471220634 53.4375
2026 109.471220634 59.0625
2027 109.471220634 64.6875
2028 109.471220634 70.3125
2029 109.471220634 75.9375
2030 109.471220634 81.5625
2031 109.471220634 87.1875
2032 109.471220634 92.8125
2033 109.471220634 98.4375
2034 109.471220634 104.0625
2035 109.471220634 109.6875
2036 109.471220634 115.3125
2037 109.471220634 120.9375
2038 109.471220634 126.5625
2039 109.471220634 132.1875
2040 109.471220634 137.8125
2041 109.471220634 143.4375
2042 109.471220634 149.0625
2043 109.471220634 154.6875
2044 109.471220634 160.3125
2045 109.471220634 165.9375
2046 109.471220634 171.5625
2047 109.471220634 177.1875
2048 109.471220634 182.8125
2049 109.471220634 188.4375
2050 109.471220634 194.0625
2051 109.471220634 199.6875
2052 109.471220634 205.3125
2053 109.471220634 210.9375
2054 109.471220634 216.5625
2055 109.471220634 222.1875
2056 109.471220634 227.8125
2057 109.471220634 233.4375
2058 109.471220634 239.0625
2059 109.471220634 244.6875
2060 109.471220634 250.3125
2061 109.471220634 255.9375
2062 109.471220634 261.5625
2063 109.471220634 267.1875
2064 109.471220634 272.8125
2065 109.471220634 278.4375
2066 109.471220634 284.0625
2067 109.471220634 289.6875
2068 109.471220634 295.3125
2069 109.471220634 300.9375
2070 109.471220634 306.5625
2071 109.471220634 312.1875
2072 109.471220634 317.8125
2073 109.471220634 323.4375
2074 109.471220634 329.0625
2075 109.471220634 334.6875
2076 109.471220634 340.3125
2077 109.471220634 345.9375
2078 109.471220634 351.5625
2079 109.471220634 357.1875
2080 112.024312837 0.0
2081 112.024312837 5.625
2082 112.024312837 11.25
2083 112.024312837 16.875
2084 112.024312837 22.5
2085 112.024312837 28.125
2086 112.024312837 33.75
2087 112.024312837 39.375
2088 112.024312837 45.0
2089 112.024312837 50.625
2090 112.024312837 56.25
2091 112.024312837 61.875
2092 112.024312837 67.5
2093 112.024312837 73.125
2094 112.024312837 78.75
2095 112.024312837 84.375
2096 112.024312837 90.0
2097 112.024312837 95.625
2098 112.024312837 101.25
2099 112.024312837 106.875
2100 112.024312837 112.5
2101 112.024312837 118.125
2102 112.024312837 123.75
2103 112.024312837 129.375
2104 112.024312837 135.0
2105 112.024312837 140.625
2106 112.024312837 146.25
2107 112.024312837 151.875
2108 112.024312837 157.5
2109 112.024312837 163.125
2110 112.024312837 168.75
2111 112.024312837 174.375
2112 112.024312837 180.0
2113 112.024312837 185.625
2114 112.024312837 191.25
2115 112.024312837 196.875
2116 112.024312837 202.5
2117 112.024312837 208.125
2118 112.024312837 213.75
2119 112.024312837 219.375
2120 112.024312837 225.0
2121 112.024312837 230.625
2122 112.024312837 236.25
2123 112.024312837 241.875
2124 112.024312837 247.5
2125 112.024312837 253.125
2126 112.024312837 258.75
2127 112.024312837 264.375
2128 112.024312837 270.0
2129 112.024312837 275.625
2130 112.024312837 281.25
2131 112.024312837 286.875
2132 112.024312837 292.5
2133 112.024312837 298.125
2134 112.024312837 303.75
2135 112.024312837 309.375
2136 112.024312837 315.0
2137 112.024312837 320.625
2138 112.024312837 326.25
2139 112.024312837 331.875
2140 112.024312837 337.5
2141 112.024312837 343.125
2142 112.024312837 348.75
2143 112.024312837 354.375
2144 114.624318352 2.8125
2145 114.624318352 8.4375
2146 114.624318352 14.0625
2147 114.624318352 19.6875
2148 114.624318352 25.3125
2149 114.624318352 30.9375
2150 114.624318352 36.5625
2151 114.624318352 42.1875
2152 114.624318352 47.8125
2153 114.624318352 53.4375
2154 114.624318352 59.0625
2155 114.624318352 64.6875
2156 114.624318352 70.3125
2157 114.624318352 75.9375
2158 114.624318352 81.5625
2159 114.624318352 87.1875
2160 114.624318352 92.8125
2161 114.624318352 98.4375
2162 114.624318352 104.0625
2163 114.624318352 109.6875
2164 114.624318352 115.3125
2165 114.624318352 120.9375
2166 114.624318352 126.5625
2167 114.624318352 132.1875
2168 114.624318352 137.8125
2169 114.624318352 143.4375
2170 114.624318352 149.0625
2171 114.624318352 154.6875
2172 114.624318352 160.3125
2173 114.624318352 165.9375
2174 114.624318352 171.5625
2175 114.624318352 177.1875
2176 114.624318352 182.8125
2177 114.624318352 188.4375
2178 114.624318352 194.0625
2179 114.624318352 199.6875
2180 114.624318352 205.3125
2181 114.624318352 210.9375
2182 114.624318352 216.5625
2183 114.624318352 222.1875
2184 114.624318352 227.8125
2185 114.624318352 233.4375
2186 114.624318352 239.0625
2187 114.624318352 244.6875
2188 114.624318352 250.3125
2189 114.624318352 255.9375
2190 114.624318352 261.5625
2191 114.624318352 267.1875
2192 114.624318352 272.8125
2193 114.624318352 278.4375
2194 114.624318352 284.0625
2195 114.624318352 289.6875
2196 114.624318352 295.3125
2197 114.624318352 300.9375
2198 114.624318352 306.5625
2199 114.624318352 312.1875
2200 114.624318352 317.8125
2201 114.624318352 323.4375
2202 114.624318352 329.0625
2203 114.624318352 334.6875
2204 114.624318352 340.3125
2205 114.624318352 345.9375
2206 114.624318352 351.5625
2207 114.624318352 357.1875
2208 117.279612736 0.0
2209 117.279612736 5.625
2210 117.279612736 11.25
2211 117.279612736 16.875
2212 117.279612736 22.5
2213 117.279612736 28.125
2214 117.279612736 33.75
2215 117.279612736 39.375
2216 117.279612736 45.0
2217 117.279612736 50.625
2218 117.279612736 56.25
2219 117.279612736 61.875
2220 117.279612736 67.5
2221 117.279612736 73.125
2222 117.279612736 78.75
2223 117.279612736 84.375
2224 117.279612736 90.0
2225 117.279612736 95.625
2226 117.279612736 101.25
2227 117.279612736 106.875
2228 117.279612736 112.5
2229 117.279612736 118.125
2230 117.279612736 123.75
2231 117.279612736 129.375
2232 117.279612736 135.0
2233 117.279612736 140.625
2234 117.279612736 146.25
2235 117.279612736 151.875
2236 117.279612736 157.5
2237 117.279612736 163.125
2238 117.279612736 168.75
2239 117.279612736 174.375
2240 117.279612736 180.0
2241 117.279612736 185.625
2242 117.279612736 191.25
2243 117.279612736 196.875
2244 117.279612736 202.5
2245 117.279612736 208.125
2246 117.279612736 213.75
2247 117.279612736 219.375
2248 117.279612736 225.0
2249 117.279612736 230.625
2250 117.279612736 236.25
2251 117.279612736 241.875
2252 117.279612736 247.5
2253 117.279612736 253.125
2254 117.279612736 258.75
2255 117.279612736 264.375
2256 117.279612736 270.0
2257 117.279612736 275.625
2258 117.279612736 281.25
2259 117.279612736 286.875
2260 117.279612736 292.5
2261 117.279612736 298.125
2262 117.279612736 303.75
2263 117.279612736 309.375
2264 117.279612736 315.0
2265 117.279612736 320.625
2266 117.279612736 326.25
2267 117.279612736 331.875
2268 117.279612736 337.5
2269 117.279612736 343.125
2270 117.279612736 348.75
2271 117.279612736 354.375
2272 120.0 2.8125
2273 120.0 8.4375
2274 120.0 14.0625
2275 120.0 19.6875
2276 120.0 25.3125
2277 120.0 30.9375
2278 120.0 36.5625
2279 120.0 42.1875
2280 120.0 47.8125
2281 120.0 53.4375
2282 120.0 59.0625
2283 120.0 64.6875
2284 120.0 70.3125
2285 120.0 75.9375
2286 120.0 81.5625
2287 120.0 87.1875
2288 120.0 92.8125
2289 120.0 98.4375
2290 120.0 104.0625
2291 120.0 109.6875
2292 120.0 115.3125
2293 120.0 120.9375
2294 120.0 126.5625
2295 120.0 132.1875
2296 120.0 137.8125
2297 120.0 143.4375
2298 120.0 149.0625
2299 120.0 154.6875
2300 120.0 160.3125
2301 120.0 165.9375
2302 120.0 171.5625
2303 120.0 177.1875
2304 120.0 182.8125
2305 120.0 188.4375
2306 120.0 194.0625
2307 120.0 199.6875
2308 120.0 205.3125
2309 120.0 210.9375
2310 120.0 216.5625
2311 120.0 222.1875
2312 120.0 227.8125
2313 120.0 233.4375
2314 120.0 239.0625
2315 120.0 244.6875
2316 120.0 250.3125
2317 120.0 255.9375
2318 120.0 261.5625
2319 120.0 267.1875
2320 120.0 272.8125
2321 120.0 278.4375
2322 120.0 284.0625
2323 120.0 289.6875
2324 120.0 295.3125
2325 120.0 300.9375
2326 120.0 306.5625
2327 120.0 312.1875
2328 120.0 317.8125
2329 120.0 323.4375
2330 120.0 329.0625
2331 120.0 334.6875
2332 120.0 340.3125
2333 120.0 345.9375
2334 120.0 351.5625
2335 120.0 357.1875
2336 122.797168296 0.0
2337 122.797168296 5.625
2338 122.797168296 11.25
2339 122.797168296 16.875
2340 122.797168296 22.5
2341 122.797168296 28.125
2342 122.797168296 33.75
2343 122.797168296 39.375
2344 122.797168296 45.0
2345 122.797168296 50.625
2346 122.797168296 56.25
2347 122.797168296 61.875
2348 122.797168296 67.5
2349 122.797168296 73.125
2350 122.797168296 78.75
2351 122.797168296 84.375
2352 122.797168296 90.0
2353 122.797168296 95.625
2354 122.797168296 101.25
2355 122.797168296 106.875
2356 122.797168296 112.5
2357 122.797168296 118.125
2358 122.797168296 123.75
2359 122.797168296 129.375
2360 122.797168296 135.0
2361 122.797168296 140.625
2362 122.797168296 146.25
2363 122.797168296 151.875
2364 122.797168296 157.5
2365 122.797168296 163.125
2366 122.797168296 168.75
2367 122.797168296 174.375
2368 122.797168296 180.0
2369 122.797168296 185.625
2370 122.797168296 191.25
2371 122.797168296 196.875
2372 122.797168296 202.5
2373 122.797168296 208.125
2374 122.797168296 213.75
2375 122.797168296 219.375
2376 122.797168296 225.0
2377 122.797168296 230.625
2378 122.797168296 236.25
2379 122.797168296 241.875
2380 122.797168296 247.5
2381 122.797168296 253.125
2382 122.797168296 258.75
2383 122.797168296 264.375
2384 122.797168296 270.0
2385 122.797168296 275.625
2386 122.797168296 281.25
2387 122.797168296 286.875
2388 122.797168296 292.5
2389 122.797168296 298.125
2390 122.797168296 303.75
2391 122.797168296 309.375
2392 122.797168296 315.0
2393 122.797168296 320.625
2394 122.797168296 326.25
2395 122.797168296 331.875
2396 122.797168296 337.5
2397 122.797168296 343.125
2398 122.797168296 348.75
2399 122.797168296 354.375
2400 125.685334713 2.8125
2401 125.685334713 8.4375
2402 125.685334713 14.0625
2403 125.685334713 19.6875
2404 125.685334713 25.3125
2405 125.685334713 30.9375
2406 125.685334713 36.5625
2407 125.685334713 42.1875
2408 125.685334713 47.8125
2409 125.685334713 53.4375
2410 125.685334713 59.0625
2411 125.685334713 64.6875
2412 125.685334713 70.3125
2413 125.685334713 75.9375
2414 125.685334713 81.5625
2415 125.685334713 87.1875
2416 125.685334713 92.8125
2417 125.685334713 98.4375
2418 125.685334713 104.0625
2419 125.685334713 109.6875
2420 125.685334713 115.3125
2421 125.685334713 120.9375
2422 125.685334713 126.5625
2423 125.685334713 132.1875
2424 125.685334713 137.8125
2425 125.685334713 143.4375
2426 125.685334713 149.0625
2427 125.685334713 154.6875
2428 125.685334713 160.3125
2429 125.685334713 165.9375
2430 125.685334713 171.5625
2431 125.685334713 177.1875
2432 125.685334713 182.8125
2433 125.685334713 188.4375
2434 125.685334713 194.0625
2435 125.685334713 199.6875
2436 125.685334713 205.3125
2437 125.685334713 210.9375
2438 125.685334713 216.5625
2439 125.685334713 222.1875
2440 125.685334713 227.8125
2441 125.685334713 233.4375
2442 125.685334713 239.0625
2443 125.685334713 244.6875
2444 125.685334713 250.3125
2445 125.685334713 255.9375
2446 125.685334713 261.5625
2447 125.685334713 267.1875
2448 125.685334713 272.8125
2449 125.685334713 278.4375
2450 125.685334713 284.0625
2451 125.685334713 289.6875
2452 125.685334713 295.3125
2453 125.685334713 300.9375
2454 125.685334713 306.5625
2455 125.685334713 312.1875
2456 125.685334713 317.8125
2457 125.685334713 323.4375
2458 125.685334713 329.0625
2459 125.685334713 334.6875
2460 125.685334713 340.3125
2461 125.685334713 345.9375
2462 125.685334713 351.5625
2463 125.685334713 357.1875
2464 128.682187453 0.0
2465 128.682187453 5.625
2466 128.682187453 11.25
2467 128.682187453 16.875
2468 128.682187453 22.5
2469 128.682187453 28.125
2470 128.682187453 33.75
2471 128.682187453 39.375
2472 128.682187453 45.0
2473 128.682187453 50.625
2474 128.682187453 56.25
2475 128.682187453 61.875
2476 128.682187453 67.5
2477 128.682187453 73.125
2478 128.682187453 78.75
2479 128.682187453 84.375
2480 128.682187453 90.0
2481 128.682187453 95.625
2482 128.682187453 101.25
2483 128.682187453 106.875
2484 128.682187453 112.5
2485 128.682187453 118.125
2486 128.682187453 123.75
2487 128.682187453 129.375
2488 128.682187453 135.0
2489 128.682187453 140.625
2490 128.682187453 146.25
2491 128.682187453 151.875
2492 128.682187453 157.5
2493 128.682187453 163.125
2494 128.682187453 168.75
2495 128.682187453 174.375
2496 128.682187453 180.0
2497 128.682187453 185.625
2498 128.682187453 191.25
2499 128.682187453 196.875
2500 128.682187453 202.5
2501 128.682187453 208.125
2502 128.682187453 213.75
2503 128.682187453 219.375
2504 128.682187453 225.0
2505 128.682187453 230.625
2506 128.682187453 236.25
2507 128.682187453 241.875
2508 128.682187453 247.5
2509 128.682187453 253.125
2510 128.682187453 258.75
2511 128.682187453 264.375
2512 128.682187453 270.0
2513 128.682187453 275.625
2514 128.682187453 281.25
2515 128.682187453 286.875
2516 128.682187453 292.5
2517 128.682187453 298.125
2518 128.682187453 303.75
2519 128.682187453 309.375
2520 128.682187453 315.0
2521 128.682187453 320.625
2522 128.682187453 326.25
2523 128.682187453 331.875
2524 128.682187453 337.5
2525 128.682187453 343.125
2526 128.682187453 348.75
2527 128.682187453 354.375
2528 131.810314896 2.8125
2529 131.810314896 8.4375
2530 131.810314896 14.0625
2531 131.810314896 19.6875
2532 131.810314896 25.3125
2533 131.810314896 30.9375
2534 131.810314896 36.5625
2535 131.810314896 42.1875
2536 131.810314896 47.8125
2537 131.810314896 53.4375
2538 131.810314896 59.0625
2539 131.810314896 64.6875
2540 131.810314896 70.3125
2541 131.810314896 75.9375
2542 131.810314896 81.5625
2543 131.810314896 87.1875
2544 131.810314896 92.8125
2545 131.810314896 98.4375
2546 131.810314896 104.0625
2547 131.810314896 109.6875
2548 131.810314896 115.3125
2549 131.810314896 120.9375
2550 131.810314896 126.5625
2551 131.810314896 132.1875
2552 131.810314896 137.8125
2553 131.810314896 143.4375
2554 131.810314896 149.0625
2555 131.810314896 154.6875
2556 131.810314896 160.3125
2557 131.810314896 165.9375
2558 131.810314896 171.5625
2559 131.810314896 177.1875
2560 131.810314896 182.8125
2561 131.810314896 188.4375
2562 131.810314896 194.0625
2563 131.810314896 199.6875
2564 131.810314896 205.3125
2565 131.810314896 210.9375
2566 131.810314896 216.5625
2567 131.810314896 222.1875
2568 131.810314896 227.8125
2569 131.810314896 233.4375
2570 131.810314896 239.0625
2571 131.810314896 244.6875
2572 131.810314896 250.3125
2573 131.810314896 255.9375
2574 131.810314896 261.5625
2575 131.810314896 267.1875
2576 131.810314896 272.8125
2577 131.810314896 278.4375
2578 131.810314896 284.0625
2579 131.810314896 289.6875
2580 131.810314896 295.3125
2581 131.810314896 300.9375
2582 131.810314896 306.5625
2583 131.810314896 312.1875
2584 131.810314896 317.8125
2585 131.810314896 323.4375
2586 131.810314896 329.0625
2587 131.810314896 334.6875
2588 131.810314896 340.3125
2589 131.810314896 345.9375
2590 131.810314896 351.5625
2591 131.810314896 357.1875
2592 134.99388015 3.0
2593 134.99388015 9.0
2594 134.99388015 15.0
2595 134.99388015 21.0
2596 134.99388015 27.0
2597 134.99388015 33.0
2598 134.99388015 39.0
2599 134.99388015 45.0
2600 134.99388015 51.0
2601 134.99388015 57.0
2602 134.99388015 63.0
2603 134.99388015 69.0
2604 134.99388015 75.0
2605 134.99388015 81.0
2606 134.99388015 87.0
2607 134.99388015 93.0
2608 134.99388015 99.0
2609 134.99388015 105.0
2610 134.99388015 111.0
2611 134.99388015 117.0
2612 134.99388015 123.0
2613 134.99388015 129.0
2614 134.99388015 135.0
2615 134.99388015 141.0
2616 134.99388015 147.0
2617 134.99388015 153.0
2618 134.99388015 159.0
2619 134.99388015 165.0
2620 134.99388015 171.0
2621 134.99388015 177.0
2622 134.99388015 183.0
2623 134.99388015 189.0
2624 134.99388015 195.0
2625 134.99388015 201.0
2626 134.99388015 207.0
2627 134.99388015 213.0
2628 134.99388015 219.0
2629 134.99388015 225.0
2630 134.99388015 231.0
2631 134.99388015 237.0
2632 134.99388015 243.0
2633 134.99388015 249.0
2634 134.99388015 255.0
2635 134.99388015 261.0
2636 134.99388015 267.0
2637 134.99388015 273.0
2638 134.99388015 279.0
2639 134.99388015 285.0
2640 134.99388015 291.0
2641 134.99388015 297.0
2642 134.99388015 303.0
2643 134.99388015 309.0
2644 134.99388015 315.0
2645 134.99388015 321.0
2646 134.99388015 327.0
2647 134.99388015 333.0
2648 134.99388015 339.0
2649 134.99388015 345.0
2650 134.99388015 351.0
2651 134.99388015 357.0
2652 138.141207794 3.21428571429
2653 138.141207794 9.64285714286
2654 138.141207794 16.0714285714
2655 138.141207794 22.5
2656 138.141207794 28.9285714286
2657 138.141207794 35.3571428571
2658 138.141207794 41.7857142857
2659 138.141207794 48.2142857143
2660 138.141207794 54.6428571429
2661 138.141207794 61.0714285714
2662 138.141207794 67.5
2663 138.141207794 73.9285714286
2664 138.141207794 80.3571428571
2665 138.141207794 86.7857142857
2666 138.141207794 93.2142857143
2667 138.141207794 99.6428571429
2668 138.141207794 106.071428571
2669 138.141207794 112.5
2670 138.141207794 118.928571429
2671 138.141207794 125.357142857
2672 138.141207794 131.785714286
2673 138.141207794 138.214285714
2674 138.141207794 144.642857143
2675 138.141207794 151.071428571
2676 138.141207794 157.5
2677 138.141207794 163.928571429
2678 138.141207794 170.357142857
2679 138.141207794 176.785714286
2680 138.141207794 183.214285714
2681 138.141207794 189.642857143
2682 138.141207794 196.071428571
2683 138.141207794 202.5
2684 138.141207794 208.928571429
2685 138.141207794 215.357142857
2686 138.141207794 221.785714286
2687 138.141207794 228.214285714
2688 138.141207794 234.642857143
2689 138.141207794 241.071428571
2690 138.141207794 247.5
2691 138.141207794 253.928571429
2692 138.141207794 260.357142857
2693 138.141207794 266.785714286
2694 138.141207794 273.214285714
2695 138.141207794 279.642857143
2696 138.141207794 286.071428571
2697 138.141207794 292.5
2698 138.141207794 298.928571429
2699 138.141207794 305.357142857
2700 138.141207794 311.785714286
2701 138.141207794 318.214285714
2702 138.141207794 324.642857143
2703 138.141207794 331.071428571
2704 138.141207794 337.5
2705 138.141207794 343.928571429
2706 138.141207794 350.357142857
2707 138.141207794 356.785714286
2708 141.255806949 3.46153846154
2709 141.255806949 10.3846153846
2710 141.255806949 17.3076923077
2711 141.255806949 24.2307692308
2712 141.255806949 31.1538461538
2713 141.255806949 38.0769230769
2714 141.255806949 45.0
2715 141.255806949 51.9230769231
2716 141.255806949 58.8461538462
2717 141.255806949 65.7692307692
2718 141.255806949 72.6923076923
2719 141.255806949 79.6153846154
2720 141.255806949 86.5384615385
2721 141.255806949 93.4615384615
2722 141.255806949 100.384615385
2723 141.255806949 107.307692308
2724 141.255806949 114.230769231
2725 141.255806949 121.153846154
2726 141.255806949 128.076923077
2727 141.255806949 135.0
2728 141.255806949 141.923076923
2729 141.255806949 148.846153846
2730 141.255806949 155.769230769
2731 141.255806949 162.692307692
2732 141.255806949 169.615384615
2733 141.255806949 176.538461538
2734 141.255806949 183.461538462
2735 141.255806949 190.384615385
2736 141.255806949 197.307692308
2737 141.255806949 204.230769231
2738 141.255806949 211.153846154
2739 141.255806949 218.076923077
2740 141.255806949 225.0
2741 141.255806949 231.923076923
2742 141.255806949 238.846153846
2743 141.255806949 245.769230769
2744 141.255806949 252.692307692
2745 141.255806949 259.615384615
2746 141.255806949 266.538461538
2747 141.255806949 273.461538462
2748 141.255806949 280.384615385
2749 141.255806949 287.307692308
2750 141.255806949 294.230769231
2751 141.255806949 301.153846154
2752 141.255806949 308.076923077
2753 141.255806949 315.0
2754 141.255806949 321.923076923
2755 141.255806949 328.846153846
2756 141.255806949 335.769230769
2757 141.255806949 342.692307692
2758 141.255806949 349.615384615
2759 141.255806949 356.538461538
2760 144.340912304 3.75
2761 144.340912304 11.25
2762 144.340912304 18.75
2763 144.340912304 26.25
2764 144.340912304 33.75
2765 144.340912304 41.25
2766 144.340912304 48.75
2767 144.340912304 56.25
2768 144.340912304 63.75
2769 144.340912304 71.25
2770 144.340912304 78.75
2771 144.340912304 86.25
2772 144.340912304 93.75
2773 144.340912304 101.25
2774 144.340912304 108.75
2775 144.340912304 116.25
2776 144.340912304 123.75
2777 144.340912304 131.25
2778 144.340912304 138.75
2779 144.340912304 146.25
2780 144.340912304 153.75
2781 144.340912304 161.25
2782 144.340912304 168.75
2783 144.340912304 176.25
2784 144.340912304 183.75
2785 144.340912304 191.25
2786 144.340912304 198.75
2787 144.340912304 206.25
2788 144.340912304 213.75
2789 144.340912304 221.25
2790 144.340912304 228.75
2791 144.340912304 236.25
2792 144.340912304 243.75
2793 144.340912304 251.25
2794 144.340912304 258.75
2795 144.340912304 266.25
2796 144.340912304 273.75
2797 144.340912304 281.25
2798 144.340912304 288.75
2799 144.340912304 296.25
2800 144.340912304 303.75
2801 144.340912304 311.25
2802 144.340912304 318.75
2803 144.340912304 326.25
2804 144.340912304 333.75
2805 144.340912304 341.25
2806 144.340912304 348.75
2807 144.340912304 356.25
2808 147.39952354 4.09090909091
2809 147.39952354 12.2727272727
2810 147.39952354 20.4545454545
2811 147.39952354 28.6363636364
2812 147.39952354 36.8181818182
2813 147.39952354 45.0
2814 147.39952354 53.1818181818
2815 147.39952354 61.3636363636
2816 147.39952354 69.5454545455
2817 147.39952354 77.7272727273
2818 147.39952354 85.9090909091
2819 147.39952354 94.0909090909
2820 147.39952354 102.272727273
2821 147.39952354 110.454545455
2822 147.39952354 118.636363636
2823 147.39952354 126.818181818
2824 147.39952354 135.0
2825 147.39952354 143.181818182
2826 147.39952354 151.363636364
2827 147.39952354 159.545454545
2828 147.39952354 167.727272727
2829 147.39952354 175.909090909
2830 147.39952354 184.090909091
2831 147.39952354 192.272727273
2832 147.39952354 200.454545455
2833 147.39952354 208.636363636
2834 147.39952354 216.818181818
2835 147.39952354 225.0
2836 147.39952354 233.181818182
2837 147.39952354 241.363636364
2838 147.39952354 249.545454545
2839 147.39952354 257.727272727
2840 147.39952354 265.909090909
2841 147.39952354 274.090909091
2842 147.39952354 282.272727273
2843 147.39952354 290.454545455
2844 147.39952354 298.636363636
2845 147.39952354 306.818181818
2846 147.39952354 315.0
2847 147.39952354 323.181818182
2848 147.39952354 331.363636364
2849 147.39952354 339.545454545
2850 147.39952354 347.727272727
2851 147.39952354 355.909090909
2852 150.434438845 4.5
2853 150.434438845 13.5
2854 150.434438845 22.5
2855 150.434438845 31.5
2856 150.434438845 40.5
2857 150.434438845 49.5
2858 150.434438845 58.5
2859 150.434438845 67.5
2860 150.434438845 76.5
2861 150.434438845 85.5
2862 150.434438845 94.5
2863 150.434438845 103.5
2864 150.434438845 112.5
2865 150.434438845 121.5
2866 150.434438845 130.5
2867 150.434438845 139.5
2868 150.434438845 148.5
2869 150.434438845 157.5
2870 150.434438845 166.5
2871 150.434438845 175.5
2872 150.434438845 184.5
2873 150.434438845 193.5
2874 150.434438845 202.5
2875 150.434438845 211.5
2876 150.434438845 220.5
2877 150.434438845 229.5
2878 150.434438845 238.5
2879 150.434438845 247.5
2880 150.434438845 256.5
2881 150.434438845 265.5
2882 150.434438845 274.5
2883 150.434438845 283.5
2884 150.434438845 292.5
2885 150.434438845 301.5
2886 150.434438845 310.5
2887 150.434438845 319.5
2888 150.434438845 328.5
2889 150.434438845 337.5
2890 150.434438845 346.5
2891 150.434438845 355.5
2892 153.44828368 5.0
2893 153.44828368 15.0
2894 153.44828368 25.0
2895 153.44828368 35.0
2896 153.44828368 45.0
2897 153.44828368 55.0
2898 153.44828368 65.0
2899 153.44828368 75.0
2900 153.44828368 85.0
2901 153.44828368 95.0
2902 153.44828368 105.0
2903 153.44828368 115.0
2904 153.44828368 125.0
2905 153.44828368 135.0
2906 153.44828368 145.0
2907 153.44828368 155.0
2908 153.44828368 165.0
2909 153.44828368 175.0
2910 153.44828368 185.0
2911 153.44828368 195.0
2912 153.44828368 205.0
2913 153.44828368 215.0
2914 153.44828368 225.0
2915 153.44828368 235.0
2916 153.44828368 245.0
2917 153.44828368 255.0
2918 153.44828368 265.0
2919 153.44828368 275.0
2920 153.44828368 285.0
2921 153.44828368 295.0
2922 153.44828368 305.0
2923 153.44828368 315.0
2924 153.44828368 325.0
2925 153.44828368 335.0
2926 153.44828368 345.0
2927 153.44828368 355.0
2928 156.443535691 5.625
2929 156.443535691 16.875
2930 156.443535691 28.125
2931 156.443535691 39.375
2932 156.443535691 50.625
2933 156.443535691 61.875
2934 156.443535691 73.125
2935 156.443535691 84.375
2936 156.443535691 95.625
2937 156.443535691 106.875
2938 156.443535691 118.125
2939 156.443535691 129.375
2940 156.443535691 140.625
2941 156.443535691 151.875
2942 156.443535691 163.125
2943 156.443535691 174.375
2944 156.443535691 185.625
2945 156.443535691 196.875
2946 156.443535691 208.125
2947 156.443535691 219.375
2948 156.443535691 230.625
2949 156.443535691 241.875
2950 156.443535691 253.125
2951 156.443535691 264.375
2952 156.443535691 275.625
2953 156.443535691 286.875
2954 156.443535691 298.125
2955 156.443535691 309.375
2956 156.443535691 320.625
2957 156.443535691 331.875
2958 156.443535691 343.125
2959 156.443535691 354.375
2960 159.422546495 6.42857142857
2961 159.422546495 19.2857142857
2962 159.422546495 32.1428571429
2963 159.422546495 45.0
2964 159.422546495 57.8571428571
2965 159.422546495 70.7142857143
2966 159.422546495 83.5714285714
2967 159.422546495 96.4285714286
2968 159.422546495 109.285714286
2969 159.422546495 122.142857143
2970 159.422546495 135.0
2971 159.422546495 147.857142857
2972 159.422546495 160.714285714
2973 159.422546495 173.571428571
2974 159.422546495 186.428571429
2975 159.422546495 199.285714286
2976 159.422546495 212.142857143
2977 159.422546495 225.0
2978 159.422546495 237.857142857
2979 159.422546495 250.714285714
2980 159.422546495 263.571428571
2981 159.422546495 276.428571429
2982 159.422546495 289.285714286
2983 159.422546495 302.142857143
2984 159.422546495 315.0
2985 159.422546495 327.857142857
2986 159.422546495 340.714285714
2987 159.422546495 353.571428571
2988 162.38756093 7.5
2989 162.38756093 22.5
2990 162.38756093 37.5
2991 162.38756093 52.5
2992 162.38756093 67.5
2993 162.38756093 82.5
2994 162.38756093 97.5
2995 162.38756093 112.5
2996 162.38756093 127.5
2997 162.38756093 142.5
2998 162.38756093 157.5
2999 162.38756093 172.5
3000 162.38756093 187.5
3001 162.38756093 202.5
3002 162.38756093 217.5
3003 162.38756093 232.5
3004 162.38756093 247.5
3005 162.38756093 262.5
3006 162.38756093 277.5
3007 162.38756093 292.5
3008 162.38756093 307.5
3009 162.38756093 322.5
3010 162.38756093 337.5
3011 162.38756093 352.5
3012 165.340734242 9.0
3013 165.340734242 27.0
3014 165.340734242 45.0
3015 165.340734242 63.0
3016 165.340734242 81.0
3017 165.340734242 99.0
3018 165.340734242 117.0
3019 165.340734242 135.0
3020 165.340734242 153.0
3021 165.340734242 171.0
3022 165.340734242 189.0
3023 165.340734242 207.0
3024 165.340734242 225.0
3025 165.340734242 243.0
3026 165.340734242 261.0
3027 165.340734242 279.0
3028 165.340734242 297.0
3029 165.340734242 315.0
3030 165.340734242 333.0
3031 165.340734242 351.0
3032 168.284147605 11.25
3033 168.284147605 33.75
3034 168.284147605 56.25
3035 168.284147605 78.75
3036 168.284147605 101.25
3037 168.284147605 123.75
3038 168.284147605 146.25
3039 168.284147605 168.75
3040 168.284147605 191.25
3041 168.284147605 213.75
3042 168.284147605 236.25
3043 168.284147605 258.75
3044 168.284147605 281.25
3045 168.284147605 303.75
3046 168.284147605 326.25
3047 168.284147605 348.75
3048 171.219822316 15.0
3049 171.219822316 45.0
3050 171.219822316 75.0
3051 171.219822316 105.0
3052 171.219822316 135.0
3053 171.219822316 165.0
3054 171.219822316 195.0
3055 171.219822316 225.0
3056 171.219822316 255.0
3057 171.219822316 285.0
3058 171.219822316 315.0
3059 171.219822316 345.0
3060 174.149732936 22.5
3061 174.149732936 67.5
3062 174.149732936 112.5
3063 174.149732936 157.5
3064 174.149732936 202.5
3065 174.149732936 247.5
3066 174.149732936 292.5
3067 174.149732936 337.5
3068 177.075819643 45.0
3069 177.075819643 135.0
3070 177.075819643 225.0
3071 177.075819643 315.0
3072 180.0         0.0
3073 0.0           0.0
